Allaboutme  88  86  96  59  74  84  91 -99 
Begood   81  85  93  98  84  91  76 -99
Celebrate   78  86  88  68  74  99  91 -99
Dowright   68  68  95  68  99  84  77 -99
Escobar   96  86  65  68  72  70  91 -99
Flemming   75  86  96  68  79  99  71 -99
Gerkin   84  86  96  68  88  99  91 -99
Houlihan   96  86  94  68  59  73  81 -99
Imasmart   85  74  92  90  74  99  71 -99
Jackson   81  86  74  68  74  74  91 -99
Knivel   80  77  96  58  74  99  91 -99
LaMonte   65  86  96  68  74  99  91 -99
Murphy   86  75 77  68  66  99  54 -99
NoWay   72 86  91  65  74  99  75 -99
Omygosh   75  77  85  61  58  77  91 -99
Pickle   79  86  96  98  74  99  91 -99
Queenbee   90  49  96  68  74  77  89 -99
Reeves   78  86  96  68  90  99  91 -99
Swift   90  86  94  44  74  99  91 -99
Thinkbig   83  77  55  68  62  84  90 -99
Ukulele   57  86  96  68  74  99  88 -99
Violet   93  86  96  68  54  77  91 -99
Washington   83  76  96  65  74  57  91 -99
Xg   69  86  95  68  74  99  70 -99
Yoyo   82  95  96  60  74  99  91 -99
Zapata   80  76  89  68  74  99  68 -99                               